xye_files\576460-mac-001_reb_0003.xye    30.00000    14.61027     4.75929     0.00000    12.99234     0.00000   254.86036     0.00000     5.43102     0.00000   160.19351     0.00000        0.000061136        0.000000000        0.000102969        0.000000000     0.34992     0.00000     0.38030     0.00000    30.00000
xye_files\576461-mac-001_reb_0003.xye    50.00000    14.68825     4.75980     0.00000    12.99404     0.00000   254.94883     0.00000     5.43135     0.00000   160.22218     0.00000        0.000060396        0.000000000        0.000101222        0.000000000     0.34929     0.00000     0.40801     0.00000    50.00000
xye_files\576462-mac-001_reb_0003.xye    70.00000    14.56307     4.76033     0.00000    12.99566     0.00000   255.03676     0.00000     5.43164     0.00000   160.24840     0.00000        0.000060389        0.000000000        0.000102094        0.000000000     0.33243     0.00000     0.42106     0.00000    70.00000
xye_files\576463-mac-001_reb_0003.xye    90.00000    14.69849     4.76090     0.00000    12.99743     0.00000   255.13267     0.00000     5.43197     0.00000   160.27744     0.00000        0.000060010        0.000000000        0.000101862        0.000000000     0.35295     0.00000     0.47824     0.00000    90.00000
xye_files\576464-mac-001_reb_0003.xye   110.00000    14.49934     4.76148     0.00000    12.99914     0.00000   255.22870     0.00000     5.43232     0.00000   160.30838     0.00000        0.000061042        0.000000000        0.000102265        0.000000000     0.38086     0.00000     0.50486     0.00000   110.00000
xye_files\576465-mac-001_reb_0003.xye   130.00000    14.51335     4.76207     0.00000    13.00099     0.00000   255.32855     0.00000     5.43267     0.00000   160.33895     0.00000        0.000059894        0.000000000        0.000100898        0.000000000     0.37810     0.00000     0.51195     0.00000   130.00000
xye_files\576466-mac-001_reb_0003.xye   150.00000    14.53935     4.76268     0.00000    13.00286     0.00000   255.43017     0.00000     5.43303     0.00000   160.37154     0.00000        0.000060684        0.000000000        0.000102743        0.000000000     0.41192     0.00000     0.56453     0.00000   150.00000
xye_files\576467-mac-001_reb_0003.xye   170.00000    14.61904     4.76331     0.00000    13.00470     0.00000   255.53391     0.00000     5.43338     0.00000   160.40259     0.00000        0.000059745        0.000000000        0.000101561        0.000000000     0.41115     0.00000     0.61033     0.00000   170.00000
xye_files\576468-mac-001_reb_0003.xye   190.00000    14.57016     4.76395     0.00000    13.00666     0.00000   255.64130     0.00000     5.43377     0.00000   160.43664     0.00000        0.000059850        0.000000000        0.000101591        0.000000000     0.40990     0.00000     0.59962     0.00000   190.00000
xye_files\576469-mac-001_reb_0003.xye   210.00000    14.49862     4.76458     0.00000    13.00858     0.00000   255.74705     0.00000     5.43413     0.00000   160.46889     0.00000        0.000059237        0.000000000        0.000100640        0.000000000     0.39713     0.00000     0.64273     0.00000   210.00000
xye_files\576470-mac-001_reb_0003.xye   230.00000    14.50247     4.76521     0.00000    13.01054     0.00000   255.85213     0.00000     5.43450     0.00000   160.50148     0.00000        0.000060358        0.000000000        0.000101174        0.000000000     0.45309     0.00000     0.66095     0.00000   230.00000
xye_files\576471-mac-001_reb_0003.xye   250.00000    14.64509     4.76590     0.00000    13.01260     0.00000   255.96761     0.00000     5.43491     0.00000   160.53779     0.00000        0.000059192        0.000000000        0.000101667        0.000000000     0.43222     0.00000     0.72793     0.00000   250.00000
xye_files\576472-mac-001_reb_0003.xye   270.00000    14.41682     4.76657     0.00000    13.01451     0.00000   256.07693     0.00000     5.43527     0.00000   160.57004     0.00000        0.000059730        0.000000000        0.000101682        0.000000000     0.45464     0.00000     0.72024     0.00000   270.00000
xye_files\576473-mac-001_reb_0003.xye   290.00000    14.67482     4.76723     0.00000    13.01672     0.00000   256.19154     0.00000     5.43568     0.00000   160.60591     0.00000        0.000059528        0.000000000        0.000100167        0.000000000     0.47754     0.00000     0.74860     0.00000   290.00000
xye_files\576474-mac-001_reb_0003.xye   310.00000    14.51507     4.76795     0.00000    13.01874     0.00000   256.30795     0.00000     5.43609     0.00000   160.64268     0.00000        0.000059650        0.000000000        0.000101511        0.000000000     0.47072     0.00000     0.79474     0.00000   310.00000
xye_files\576475-mac-001_reb_0003.xye   330.00000    14.52532     4.76868     0.00000    13.02092     0.00000   256.42932     0.00000     5.43651     0.00000   160.67949     0.00000        0.000059300        0.000000000        0.000100157        0.000000000     0.49982     0.00000     0.84343     0.00000   330.00000
xye_files\576476-mac-001_reb_0003.xye   350.00000    14.63574     4.76936     0.00000    13.02314     0.00000   256.54723     0.00000     5.43692     0.00000   160.71586     0.00000        0.000059303        0.000000000        0.000100262        0.000000000     0.48930     0.00000     0.84712     0.00000   350.00000
xye_files\576477-mac-001_reb_0003.xye   370.00000    14.64791     4.77006     0.00000    13.02522     0.00000   256.66291     0.00000     5.43733     0.00000   160.75213     0.00000        0.000059462        0.000000000        0.000099440        0.000000000     0.53030     0.00000     0.87855     0.00000   370.00000
xye_files\576478-mac-001_reb_0003.xye   400.00000    14.60141     4.77119     0.00000    13.02847     0.00000   256.84870     0.00000     5.43796     0.00000   160.80854     0.00000        0.000059803        0.000000000        0.000101047        0.000000000     0.50783     0.00000     0.89920     0.00000   400.00000
xye_files\576479-mac-001_reb_0003.xye   450.00000    14.72128     4.77302     0.00000    13.03411     0.00000   257.15697     0.00000     5.43903     0.00000   160.90336     0.00000        0.000059613        0.000000000        0.000102361        0.000000000     0.53980     0.00000     1.04012     0.00000   450.00000
xye_files\576480-mac-001_reb_0003.xye   500.00000    14.67293     4.77485     0.00000    13.03960     0.00000   257.46226     0.00000     5.44009     0.00000   160.99745     0.00000        0.000059855        0.000000000        0.000102258        0.000000000     0.53551     0.00000     1.10681     0.00000   500.00000
xye_files\576481-mac-001_reb_0003.xye   550.00000    14.75784     4.77670     0.00000    13.04528     0.00000   257.77467     0.00000     5.44116     0.00000   161.09175     0.00000        0.000060254        0.000000000        0.000102771        0.000000000     0.59064     0.00000     1.20527     0.00000   550.00000
xye_files\576482-mac-001_reb_0003.xye   600.00000    14.69560     4.77853     0.00000    13.05099     0.00000   258.08548     0.00000     5.44223     0.00000   161.18694     0.00000        0.000060052        0.000000000        0.000102862        0.000000000     0.62246     0.00000     1.31643     0.00000   600.00000
xye_files\576483-mac-001_reb_0003.xye   650.00000    14.70334     4.78035     0.00000    13.05656     0.00000   258.39194     0.00000     5.44325     0.00000   161.27770     0.00000        0.000060013        0.000000000        0.000101786        0.000000000     0.65798     0.00000     1.35280     0.00000   650.00000
xye_files\576484-mac-001_reb_0003.xye   700.00000    14.65158     4.78215     0.00000    13.06180     0.00000   258.69046     0.00000     5.44425     0.00000   161.36676     0.00000        0.000060405        0.000000000        0.000103166        0.000000000     0.66765     0.00000     1.44173     0.00000   700.00000
xye_files\576485-mac-001_reb_0003.xye   750.00000    14.69026     4.78391     0.00000    13.06724     0.00000   258.98800     0.00000     5.44525     0.00000   161.45553     0.00000        0.000060695        0.000000000        0.000103536        0.000000000     0.69975     0.00000     1.51747     0.00000   750.00000
xye_files\576486-mac-001_reb_0003.xye   800.00000    14.62879     4.78569     0.00000    13.07257     0.00000   259.28720     0.00000     5.44628     0.00000   161.54730     0.00000        0.000061010        0.000000000        0.000103132        0.000000000     0.75227     0.00000     1.61195     0.00000   800.00000
xye_files\576487-mac-001_reb_0003.xye   850.00000    14.72339     4.78740     0.00000    13.07781     0.00000   259.57610     0.00000     5.44724     0.00000   161.63309     0.00000        0.000060248        0.000000000        0.000101988        0.000000000     0.76343     0.00000     1.68310     0.00000   850.00000
xye_files\576488-mac-001_reb_0003.xye   900.00000    15.04649     4.78910     0.00000    13.08287     0.00000   259.86156     0.00000     5.44821     0.00000   161.71944     0.00000        0.000060519        0.000000000        0.000102118        0.000000000     0.79661     0.00000     1.77370     0.00000   900.00000
xye_files\576489-mac-001_reb_0003.xye   950.00000    15.02660     4.79080     0.00000    13.08816     0.00000   260.15116     0.00000     5.44919     0.00000   161.80685     0.00000        0.000060205        0.000000000        0.000101751        0.000000000     0.82169     0.00000     1.88268     0.00000   950.00000
xye_files\576460-mac-001_reb_0003.xye    30.00000    14.69593     4.75930     0.00000    12.99236     0.00000   254.86150     0.00000     5.43103     0.00000   160.19371     0.00000        0.000060172        0.000000000        0.000102057        0.000000000     0.36358     0.00000     0.38723     0.00000    30.00000
xye_files\576461-mac-001_reb_0003.xye    50.00000    14.70439     4.75981     0.00000    12.99405     0.00000   254.94935     0.00000     5.43135     0.00000   160.22238     0.00000        0.000060427        0.000000000        0.000101223        0.000000000     0.34707     0.00000     0.40816     0.00000    50.00000
xye_files\576462-mac-001_reb_0003.xye    70.00000    14.55819     4.76033     0.00000    12.99565     0.00000   255.03651     0.00000     5.43164     0.00000   160.24829     0.00000        0.000060374        0.000000000        0.000102095        0.000000000     0.33217     0.00000     0.42111     0.00000    70.00000
xye_files\576463-mac-001_reb_0003.xye    90.00000    14.69387     4.76090     0.00000    12.99744     0.00000   255.13292     0.00000     5.43197     0.00000   160.27768     0.00000        0.000060011        0.000000000        0.000101862        0.000000000     0.35402     0.00000     0.47841     0.00000    90.00000
xye_files\576464-mac-001_reb_0003.xye   110.00000    14.49938     4.76148     0.00000    12.99914     0.00000   255.22873     0.00000     5.43232     0.00000   160.30840     0.00000        0.000061042        0.000000000        0.000102265        0.000000000     0.38093     0.00000     0.50491     0.00000   110.00000
xye_files\576465-mac-001_reb_0003.xye   130.00000    14.51336     4.76207     0.00000    13.00099     0.00000   255.32855     0.00000     5.43267     0.00000   160.33895     0.00000        0.000059894        0.000000000        0.000100898        0.000000000     0.37810     0.00000     0.51195     0.00000   130.00000
xye_files\576466-mac-001_reb_0003.xye   150.00000    14.53936     4.76268     0.00000    13.00286     0.00000   255.43017     0.00000     5.43303     0.00000   160.37154     0.00000        0.000060684        0.000000000        0.000102743        0.000000000     0.41192     0.00000     0.56453     0.00000   150.00000
xye_files\576467-mac-001_reb_0003.xye   170.00000    14.61904     4.76331     0.00000    13.00470     0.00000   255.53391     0.00000     5.43338     0.00000   160.40259     0.00000        0.000059745        0.000000000        0.000101561        0.000000000     0.41115     0.00000     0.61033     0.00000   170.00000
xye_files\576468-mac-001_reb_0003.xye   190.00000    14.57016     4.76395     0.00000    13.00666     0.00000   255.64130     0.00000     5.43377     0.00000   160.43664     0.00000        0.000059850        0.000000000        0.000101591        0.000000000     0.40990     0.00000     0.59962     0.00000   190.00000
xye_files\576469-mac-001_reb_0003.xye   210.00000    14.49862     4.76458     0.00000    13.00858     0.00000   255.74705     0.00000     5.43413     0.00000   160.46889     0.00000        0.000059237        0.000000000        0.000100640        0.000000000     0.39713     0.00000     0.64273     0.00000   210.00000
xye_files\576470-mac-001_reb_0003.xye   230.00000    14.50247     4.76521     0.00000    13.01054     0.00000   255.85213     0.00000     5.43450     0.00000   160.50148     0.00000        0.000060358        0.000000000        0.000101174        0.000000000     0.45309     0.00000     0.66095     0.00000   230.00000
xye_files\576471-mac-001_reb_0003.xye   250.00000    14.64509     4.76590     0.00000    13.01260     0.00000   255.96761     0.00000     5.43491     0.00000   160.53779     0.00000        0.000059192        0.000000000        0.000101667        0.000000000     0.43222     0.00000     0.72793     0.00000   250.00000
xye_files\576472-mac-001_reb_0003.xye   270.00000    14.41682     4.76657     0.00000    13.01451     0.00000   256.07693     0.00000     5.43527     0.00000   160.57004     0.00000        0.000059730        0.000000000        0.000101682        0.000000000     0.45464     0.00000     0.72024     0.00000   270.00000
xye_files\576473-mac-001_reb_0003.xye   290.00000    14.67482     4.76723     0.00000    13.01672     0.00000   256.19154     0.00000     5.43568     0.00000   160.60591     0.00000        0.000059528        0.000000000        0.000100167        0.000000000     0.47754     0.00000     0.74860     0.00000   290.00000
xye_files\576474-mac-001_reb_0003.xye   310.00000    14.51507     4.76795     0.00000    13.01874     0.00000   256.30795     0.00000     5.43609     0.00000   160.64268     0.00000        0.000059650        0.000000000        0.000101511        0.000000000     0.47072     0.00000     0.79474     0.00000   310.00000
xye_files\576475-mac-001_reb_0003.xye   330.00000    14.52532     4.76868     0.00000    13.02092     0.00000   256.42932     0.00000     5.43651     0.00000   160.67949     0.00000        0.000059300        0.000000000        0.000100157        0.000000000     0.49982     0.00000     0.84343     0.00000   330.00000
xye_files\576476-mac-001_reb_0003.xye   350.00000    14.63574     4.76936     0.00000    13.02314     0.00000   256.54723     0.00000     5.43692     0.00000   160.71586     0.00000        0.000059303        0.000000000        0.000100262        0.000000000     0.48930     0.00000     0.84712     0.00000   350.00000
xye_files\576477-mac-001_reb_0003.xye   370.00000    14.64791     4.77006     0.00000    13.02522     0.00000   256.66291     0.00000     5.43733     0.00000   160.75213     0.00000        0.000059462        0.000000000        0.000099440        0.000000000     0.53030     0.00000     0.87855     0.00000   370.00000
xye_files\576478-mac-001_reb_0003.xye   400.00000    14.60141     4.77119     0.00000    13.02847     0.00000   256.84870     0.00000     5.43796     0.00000   160.80854     0.00000        0.000059803        0.000000000        0.000101047        0.000000000     0.50783     0.00000     0.89920     0.00000   400.00000
xye_files\576479-mac-001_reb_0003.xye   450.00000    14.72128     4.77302     0.00000    13.03411     0.00000   257.15697     0.00000     5.43903     0.00000   160.90336     0.00000        0.000059613        0.000000000        0.000102361        0.000000000     0.53980     0.00000     1.04012     0.00000   450.00000
xye_files\576480-mac-001_reb_0003.xye   500.00000    14.67293     4.77485     0.00000    13.03960     0.00000   257.46225     0.00000     5.44009     0.00000   160.99745     0.00000        0.000059855        0.000000000        0.000102258        0.000000000     0.53551     0.00000     1.10681     0.00000   500.00000
xye_files\576481-mac-001_reb_0003.xye   550.00000    14.75784     4.77670     0.00000    13.04528     0.00000   257.77467     0.00000     5.44116     0.00000   161.09175     0.00000        0.000060254        0.000000000        0.000102771        0.000000000     0.59064     0.00000     1.20527     0.00000   550.00000
xye_files\576482-mac-001_reb_0003.xye   600.00000    14.69582     4.77853     0.00000    13.05099     0.00000   258.08546     0.00000     5.44223     0.00000   161.18693     0.00000        0.000060065        0.000000000        0.000102861        0.000000000     0.62362     0.00000     1.31630     0.00000   600.00000
xye_files\576483-mac-001_reb_0003.xye   650.00000    14.71435     4.78036     0.00000    13.05657     0.00000   258.39270     0.00000     5.44325     0.00000   161.27809     0.00000        0.000060200        0.000000000        0.000101800        0.000000000     0.67371     0.00000     1.35438     0.00000   650.00000
xye_files\576484-mac-001_reb_0003.xye   700.00000    14.65267     4.78215     0.00000    13.06180     0.00000   258.69071     0.00000     5.44425     0.00000   161.36687     0.00000        0.000060382        0.000000000        0.000103175        0.000000000     0.66603     0.00000     1.44251     0.00000   700.00000
xye_files\576485-mac-001_reb_0003.xye   750.00000    14.69045     4.78391     0.00000    13.06724     0.00000   258.98806     0.00000     5.44525     0.00000   161.45555     0.00000        0.000060696        0.000000000        0.000103540        0.000000000     0.70015     0.00000     1.51750     0.00000   750.00000
xye_files\576486-mac-001_reb_0003.xye   800.00000    14.62877     4.78569     0.00000    13.07256     0.00000   259.28717     0.00000     5.44628     0.00000   161.54730     0.00000        0.000061007        0.000000000        0.000103130        0.000000000     0.75175     0.00000     1.61198     0.00000   800.00000
xye_files\576487-mac-001_reb_0003.xye   850.00000    14.72348     4.78740     0.00000    13.07781     0.00000   259.57612     0.00000     5.44724     0.00000   161.63309     0.00000        0.000060247        0.000000000        0.000101988        0.000000000     0.76340     0.00000     1.68312     0.00000   850.00000
xye_files\576488-mac-001_reb_0003.xye   900.00000    15.04648     4.78910     0.00000    13.08287     0.00000   259.86156     0.00000     5.44821     0.00000   161.71944     0.00000        0.000060519        0.000000000        0.000102118        0.000000000     0.79661     0.00000     1.77370     0.00000   900.00000
xye_files\576489-mac-001_reb_0003.xye   950.00000    15.02660     4.79080     0.00000    13.08816     0.00000   260.15116     0.00000     5.44919     0.00000   161.80685     0.00000        0.000060205        0.000000000        0.000101751        0.000000000     0.82170     0.00000     1.88268     0.00000   950.00000
xye_files\576460-mac-001_reb_0003.xye    30.00000    14.60575     4.75929     0.00000    12.99234     0.00000   254.86028     0.00000     5.43102     0.00000   160.19350     0.00000        0.000061118        0.000000000        0.000102969        0.000000000     0.35057     0.00000     0.38026     0.00000    30.00000
xye_files\576461-mac-001_reb_0003.xye    50.00000    14.68810     4.75980     0.00000    12.99404     0.00000   254.94878     0.00000     5.43135     0.00000   160.22215     0.00000        0.000060397        0.000000000        0.000101221        0.000000000     0.34930     0.00000     0.40798     0.00000    50.00000
xye_files\576462-mac-001_reb_0003.xye    70.00000    14.56306     4.76033     0.00000    12.99566     0.00000   255.03676     0.00000     5.43164     0.00000   160.24840     0.00000        0.000060389        0.000000000        0.000102094        0.000000000     0.33244     0.00000     0.42106     0.00000    70.00000
xye_files\576463-mac-001_reb_0003.xye    90.00000    14.69848     4.76090     0.00000    12.99743     0.00000   255.13267     0.00000     5.43197     0.00000   160.27744     0.00000        0.000060010        0.000000000        0.000101862        0.000000000     0.35295     0.00000     0.47824     0.00000    90.00000
xye_files\576464-mac-001_reb_0003.xye   110.00000    14.49934     4.76148     0.00000    12.99914     0.00000   255.22870     0.00000     5.43232     0.00000   160.30838     0.00000        0.000061042        0.000000000        0.000102265        0.000000000     0.38086     0.00000     0.50486     0.00000   110.00000
xye_files\576465-mac-001_reb_0003.xye   130.00000    14.51335     4.76207     0.00000    13.00099     0.00000   255.32855     0.00000     5.43267     0.00000   160.33895     0.00000        0.000059894        0.000000000        0.000100898        0.000000000     0.37810     0.00000     0.51195     0.00000   130.00000
xye_files\576466-mac-001_reb_0003.xye   150.00000    14.60289     4.76268     0.00000    13.00287     0.00000   255.43058     0.00000     5.43303     0.00000   160.37118     0.00000        0.000060812        0.000000000        0.000102730        0.000000000     0.40728     0.00000     0.56284     0.00000   150.00000
xye_files\576460-mac-001_reb_0003.xye    30.00000    14.75910     4.75931     0.00000    12.99237     0.00000   254.86283     0.00000     5.43103     0.00000   160.19401     0.00000        0.000061845        0.000000000        0.000102795        0.000000000     0.41963     0.00000     0.37623     0.00000    30.00000
xye_files\576461-mac-001_reb_0003.xye    50.00000    14.69325     4.75981     0.00000    12.99406     0.00000   254.94969     0.00000     5.43135     0.00000   160.22272     0.00000        0.000060419        0.000000000        0.000101221        0.000000000     0.35015     0.00000     0.40819     0.00000    50.00000
xye_files\576462-mac-001_reb_0003.xye    70.00000    14.57466     4.76033     0.00000    12.99566     0.00000   255.03692     0.00000     5.43164     0.00000   160.24842     0.00000        0.000060438        0.000000000        0.000102092        0.000000000     0.33060     0.00000     0.42118     0.00000    70.00000
xye_files\576460-mac-001_reb_0003.xye    30.00000    14.60579     4.75929     0.00000    12.99235     0.00000   254.86046     0.00000     5.43102     0.00000   160.19367     0.00000        0.000061126        0.000000000        0.000102971        0.000000000     0.35017     0.00000     0.38051     0.00000    30.00000
xye_files\576461-mac-001_reb_0003.xye    50.00000    14.68801     4.75980     0.00000    12.99404     0.00000   254.94878     0.00000     5.43135     0.00000   160.22216     0.00000        0.000060397        0.000000000        0.000101221        0.000000000     0.34929     0.00000     0.40800     0.00000    50.00000
xye_files\576462-mac-001_reb_0003.xye    70.00000    14.56306     4.76033     0.00000    12.99566     0.00000   255.03676     0.00000     5.43164     0.00000   160.24840     0.00000        0.000060389        0.000000000        0.000102094        0.000000000     0.33244     0.00000     0.42106     0.00000    70.00000
xye_files\576463-mac-001_reb_0003.xye    90.00000    14.69848     4.76090     0.00000    12.99743     0.00000   255.13267     0.00000     5.43197     0.00000   160.27744     0.00000        0.000060010        0.000000000        0.000101862        0.000000000     0.35295     0.00000     0.47824     0.00000    90.00000
xye_files\576464-mac-001_reb_0003.xye   110.00000    14.49934     4.76148     0.00000    12.99914     0.00000   255.22870     0.00000     5.43232     0.00000   160.30838     0.00000        0.000061042        0.000000000        0.000102265        0.000000000     0.38086     0.00000     0.50486     0.00000   110.00000
xye_files\576465-mac-001_reb_0003.xye   130.00000    14.51335     4.76207     0.00000    13.00099     0.00000   255.32855     0.00000     5.43267     0.00000   160.33895     0.00000        0.000059894        0.000000000        0.000100898        0.000000000     0.37810     0.00000     0.51195     0.00000   130.00000
xye_files\576466-mac-001_reb_0003.xye   150.00000    14.53935     4.76268     0.00000    13.00286     0.00000   255.43017     0.00000     5.43303     0.00000   160.37154     0.00000        0.000060684        0.000000000        0.000102743        0.000000000     0.41192     0.00000     0.56453     0.00000   150.00000
xye_files\576467-mac-001_reb_0003.xye   170.00000    14.61904     4.76331     0.00000    13.00470     0.00000   255.53391     0.00000     5.43338     0.00000   160.40259     0.00000        0.000059745        0.000000000        0.000101561        0.000000000     0.41115     0.00000     0.61033     0.00000   170.00000
xye_files\576468-mac-001_reb_0003.xye   190.00000    14.57016     4.76395     0.00000    13.00666     0.00000   255.64130     0.00000     5.43377     0.00000   160.43664     0.00000        0.000059850        0.000000000        0.000101591        0.000000000     0.40990     0.00000     0.59962     0.00000   190.00000
xye_files\576469-mac-001_reb_0003.xye   210.00000    14.49862     4.76458     0.00000    13.00858     0.00000   255.74705     0.00000     5.43413     0.00000   160.46889     0.00000        0.000059237        0.000000000        0.000100640        0.000000000     0.39713     0.00000     0.64273     0.00000   210.00000
xye_files\576470-mac-001_reb_0003.xye   230.00000    14.50247     4.76521     0.00000    13.01054     0.00000   255.85213     0.00000     5.43450     0.00000   160.50148     0.00000        0.000060358        0.000000000        0.000101174        0.000000000     0.45309     0.00000     0.66095     0.00000   230.00000
xye_files\576471-mac-001_reb_0003.xye   250.00000    14.64509     4.76590     0.00000    13.01260     0.00000   255.96761     0.00000     5.43491     0.00000   160.53779     0.00000        0.000059192        0.000000000        0.000101667        0.000000000     0.43222     0.00000     0.72793     0.00000   250.00000
xye_files\576472-mac-001_reb_0003.xye   270.00000    14.41682     4.76657     0.00000    13.01451     0.00000   256.07693     0.00000     5.43527     0.00000   160.57004     0.00000        0.000059730        0.000000000        0.000101682        0.000000000     0.45464     0.00000     0.72024     0.00000   270.00000
xye_files\576473-mac-001_reb_0003.xye   290.00000    14.67482     4.76723     0.00000    13.01672     0.00000   256.19154     0.00000     5.43568     0.00000   160.60591     0.00000        0.000059528        0.000000000        0.000100167        0.000000000     0.47754     0.00000     0.74860     0.00000   290.00000
xye_files\576474-mac-001_reb_0003.xye   310.00000    14.51507     4.76795     0.00000    13.01874     0.00000   256.30795     0.00000     5.43609     0.00000   160.64268     0.00000        0.000059650        0.000000000        0.000101511        0.000000000     0.47072     0.00000     0.79474     0.00000   310.00000
xye_files\576475-mac-001_reb_0003.xye   330.00000    14.52532     4.76868     0.00000    13.02092     0.00000   256.42932     0.00000     5.43651     0.00000   160.67949     0.00000        0.000059300        0.000000000        0.000100157        0.000000000     0.49982     0.00000     0.84343     0.00000   330.00000
xye_files\576476-mac-001_reb_0003.xye   350.00000    14.63574     4.76936     0.00000    13.02314     0.00000   256.54723     0.00000     5.43692     0.00000   160.71586     0.00000        0.000059303        0.000000000        0.000100262        0.000000000     0.48930     0.00000     0.84712     0.00000   350.00000
xye_files\576477-mac-001_reb_0003.xye   370.00000    14.64791     4.77006     0.00000    13.02522     0.00000   256.66291     0.00000     5.43733     0.00000   160.75213     0.00000        0.000059462        0.000000000        0.000099440        0.000000000     0.53030     0.00000     0.87855     0.00000   370.00000
xye_files\576478-mac-001_reb_0003.xye   400.00000    14.60141     4.77119     0.00000    13.02847     0.00000   256.84870     0.00000     5.43796     0.00000   160.80854     0.00000        0.000059803        0.000000000        0.000101047        0.000000000     0.50783     0.00000     0.89920     0.00000   400.00000
xye_files\576479-mac-001_reb_0003.xye   450.00000    14.72128     4.77302     0.00000    13.03411     0.00000   257.15697     0.00000     5.43903     0.00000   160.90336     0.00000        0.000059613        0.000000000        0.000102361        0.000000000     0.53980     0.00000     1.04012     0.00000   450.00000
xye_files\576480-mac-001_reb_0003.xye   500.00000    14.67293     4.77485     0.00000    13.03960     0.00000   257.46226     0.00000     5.44009     0.00000   160.99745     0.00000        0.000059855        0.000000000        0.000102258        0.000000000     0.53551     0.00000     1.10681     0.00000   500.00000
xye_files\576481-mac-001_reb_0003.xye   550.00000    14.75784     4.77670     0.00000    13.04528     0.00000   257.77467     0.00000     5.44116     0.00000   161.09175     0.00000        0.000060254        0.000000000        0.000102771        0.000000000     0.59064     0.00000     1.20527     0.00000   550.00000
xye_files\576482-mac-001_reb_0003.xye   600.00000    14.69561     4.77853     0.00000    13.05099     0.00000   258.08548     0.00000     5.44223     0.00000   161.18694     0.00000        0.000060053        0.000000000        0.000102862        0.000000000     0.62255     0.00000     1.31643     0.00000   600.00000
xye_files\576483-mac-001_reb_0003.xye   650.00000    14.70159     4.78035     0.00000    13.05655     0.00000   258.39184     0.00000     5.44325     0.00000   161.27757     0.00000        0.000060065        0.000000000        0.000101783        0.000000000     0.66132     0.00000     1.35214     0.00000   650.00000
xye_files\576484-mac-001_reb_0003.xye   700.00000    14.64798     4.78215     0.00000    13.06179     0.00000   258.69014     0.00000     5.44425     0.00000   161.36652     0.00000        0.000060387        0.000000000        0.000103115        0.000000000     0.66557     0.00000     1.43944     0.00000   700.00000
xye_files\576485-mac-001_reb_0003.xye   750.00000    14.69044     4.78391     0.00000    13.06724     0.00000   258.98807     0.00000     5.44525     0.00000   161.45555     0.00000        0.000060691        0.000000000        0.000103540        0.000000000     0.69969     0.00000     1.51758     0.00000   750.00000
xye_files\576486-mac-001_reb_0003.xye   800.00000    14.62877     4.78569     0.00000    13.07257     0.00000   259.28721     0.00000     5.44628     0.00000   161.54730     0.00000        0.000061011        0.000000000        0.000103132        0.000000000     0.75232     0.00000     1.61194     0.00000   800.00000
xye_files\576487-mac-001_reb_0003.xye   850.00000    14.72337     4.78740     0.00000    13.07781     0.00000   259.57610     0.00000     5.44724     0.00000   161.63309     0.00000        0.000060248        0.000000000        0.000101988        0.000000000     0.76344     0.00000     1.68310     0.00000   850.00000
xye_files\576488-mac-001_reb_0003.xye   900.00000    15.04649     4.78910     0.00000    13.08287     0.00000   259.86156     0.00000     5.44821     0.00000   161.71944     0.00000        0.000060519        0.000000000        0.000102118        0.000000000     0.79661     0.00000     1.77370     0.00000   900.00000
xye_files\576489-mac-001_reb_0003.xye   950.00000    15.02660     4.79080     0.00000    13.08816     0.00000   260.15116     0.00000     5.44919     0.00000   161.80685     0.00000        0.000060205        0.000000000        0.000101751        0.000000000     0.82169     0.00000     1.88268     0.00000   950.00000
xye_files\576460-mac-001_reb_0003.xye    30.00000    14.69594     4.75930     0.00000    12.99236     0.00000   254.86150     0.00000     5.43103     0.00000   160.19371     0.00000        0.000060172        0.000000000        0.000102057        0.000000000     0.36358     0.00000     0.38723     0.00000    30.00000
xye_files\576461-mac-001_reb_0003.xye    50.00000    14.70439     4.75981     0.00000    12.99405     0.00000   254.94935     0.00000     5.43135     0.00000   160.22238     0.00000        0.000060427        0.000000000        0.000101223        0.000000000     0.34707     0.00000     0.40816     0.00000    50.00000
xye_files\576462-mac-001_reb_0003.xye    70.00000    14.55819     4.76033     0.00000    12.99565     0.00000   255.03651     0.00000     5.43164     0.00000   160.24829     0.00000        0.000060374        0.000000000        0.000102095        0.000000000     0.33217     0.00000     0.42111     0.00000    70.00000
xye_files\576463-mac-001_reb_0003.xye    90.00000    14.69387     4.76090     0.00000    12.99744     0.00000   255.13292     0.00000     5.43197     0.00000   160.27768     0.00000        0.000060011        0.000000000        0.000101862        0.000000000     0.35402     0.00000     0.47841     0.00000    90.00000
xye_files\576464-mac-001_reb_0003.xye   110.00000    14.49938     4.76148     0.00000    12.99914     0.00000   255.22873     0.00000     5.43232     0.00000   160.30840     0.00000        0.000061042        0.000000000        0.000102265        0.000000000     0.38093     0.00000     0.50491     0.00000   110.00000
xye_files\576465-mac-001_reb_0003.xye   130.00000    14.51336     4.76207     0.00000    13.00099     0.00000   255.32855     0.00000     5.43267     0.00000   160.33895     0.00000        0.000059894        0.000000000        0.000100898        0.000000000     0.37810     0.00000     0.51195     0.00000   130.00000
xye_files\576466-mac-001_reb_0003.xye   150.00000    14.53936     4.76268     0.00000    13.00286     0.00000   255.43017     0.00000     5.43303     0.00000   160.37154     0.00000        0.000060684        0.000000000        0.000102743        0.000000000     0.41192     0.00000     0.56453     0.00000   150.00000
xye_files\576467-mac-001_reb_0003.xye   170.00000    14.61904     4.76331     0.00000    13.00470     0.00000   255.53391     0.00000     5.43338     0.00000   160.40259     0.00000        0.000059745        0.000000000        0.000101561        0.000000000     0.41115     0.00000     0.61033     0.00000   170.00000
xye_files\576468-mac-001_reb_0003.xye   190.00000    14.57016     4.76395     0.00000    13.00666     0.00000   255.64130     0.00000     5.43377     0.00000   160.43664     0.00000        0.000059850        0.000000000        0.000101591        0.000000000     0.40990     0.00000     0.59962     0.00000   190.00000
xye_files\576469-mac-001_reb_0003.xye   210.00000    14.49862     4.76458     0.00000    13.00858     0.00000   255.74705     0.00000     5.43413     0.00000   160.46889     0.00000        0.000059237        0.000000000        0.000100640        0.000000000     0.39713     0.00000     0.64273     0.00000   210.00000
xye_files\576470-mac-001_reb_0003.xye   230.00000    14.50247     4.76521     0.00000    13.01054     0.00000   255.85213     0.00000     5.43450     0.00000   160.50148     0.00000        0.000060358        0.000000000        0.000101174        0.000000000     0.45309     0.00000     0.66095     0.00000   230.00000
xye_files\576471-mac-001_reb_0003.xye   250.00000    14.64509     4.76590     0.00000    13.01260     0.00000   255.96761     0.00000     5.43491     0.00000   160.53779     0.00000        0.000059192        0.000000000        0.000101667        0.000000000     0.43222     0.00000     0.72793     0.00000   250.00000
xye_files\576472-mac-001_reb_0003.xye   270.00000    14.41682     4.76657     0.00000    13.01451     0.00000   256.07693     0.00000     5.43527     0.00000   160.57004     0.00000        0.000059730        0.000000000        0.000101682        0.000000000     0.45464     0.00000     0.72024     0.00000   270.00000
xye_files\576473-mac-001_reb_0003.xye   290.00000    14.67482     4.76723     0.00000    13.01672     0.00000   256.19154     0.00000     5.43568     0.00000   160.60591     0.00000        0.000059528        0.000000000        0.000100167        0.000000000     0.47754     0.00000     0.74860     0.00000   290.00000
xye_files\576474-mac-001_reb_0003.xye   310.00000    14.51507     4.76795     0.00000    13.01874     0.00000   256.30795     0.00000     5.43609     0.00000   160.64268     0.00000        0.000059650        0.000000000        0.000101511        0.000000000     0.47072     0.00000     0.79474     0.00000   310.00000
xye_files\576475-mac-001_reb_0003.xye   330.00000    14.52532     4.76868     0.00000    13.02092     0.00000   256.42932     0.00000     5.43651     0.00000   160.67949     0.00000        0.000059300        0.000000000        0.000100157        0.000000000     0.49982     0.00000     0.84343     0.00000   330.00000
xye_files\576476-mac-001_reb_0003.xye   350.00000    14.63574     4.76936     0.00000    13.02314     0.00000   256.54723     0.00000     5.43692     0.00000   160.71586     0.00000        0.000059303        0.000000000        0.000100262        0.000000000     0.48930     0.00000     0.84712     0.00000   350.00000
xye_files\576477-mac-001_reb_0003.xye   370.00000    14.64791     4.77006     0.00000    13.02522     0.00000   256.66291     0.00000     5.43733     0.00000   160.75213     0.00000        0.000059462        0.000000000        0.000099440        0.000000000     0.53030     0.00000     0.87855     0.00000   370.00000
xye_files\576478-mac-001_reb_0003.xye   400.00000    14.60141     4.77119     0.00000    13.02847     0.00000   256.84870     0.00000     5.43796     0.00000   160.80854     0.00000        0.000059803        0.000000000        0.000101047        0.000000000     0.50783     0.00000     0.89920     0.00000   400.00000
xye_files\576479-mac-001_reb_0003.xye   450.00000    14.72128     4.77302     0.00000    13.03411     0.00000   257.15697     0.00000     5.43903     0.00000   160.90336     0.00000        0.000059613        0.000000000        0.000102361        0.000000000     0.53980     0.00000     1.04012     0.00000   450.00000
xye_files\576480-mac-001_reb_0003.xye   500.00000    14.67293     4.77485     0.00000    13.03960     0.00000   257.46225     0.00000     5.44009     0.00000   160.99745     0.00000        0.000059855        0.000000000        0.000102258        0.000000000     0.53551     0.00000     1.10681     0.00000   500.00000
xye_files\576481-mac-001_reb_0003.xye   550.00000    14.75784     4.77670     0.00000    13.04528     0.00000   257.77467     0.00000     5.44116     0.00000   161.09175     0.00000        0.000060254        0.000000000        0.000102771        0.000000000     0.59064     0.00000     1.20527     0.00000   550.00000
xye_files\576482-mac-001_reb_0003.xye   600.00000    14.69561     4.77853     0.00000    13.05099     0.00000   258.08548     0.00000     5.44223     0.00000   161.18694     0.00000        0.000060053        0.000000000        0.000102862        0.000000000     0.62254     0.00000     1.31642     0.00000   600.00000
xye_files\576483-mac-001_reb_0003.xye   650.00000    14.68959     4.78034     0.00000    13.05653     0.00000   258.39056     0.00000     5.44324     0.00000   161.27683     0.00000        0.000059875        0.000000000        0.000101759        0.000000000     0.64555     0.00000     1.34918     0.00000   650.00000
xye_files\576484-mac-001_reb_0003.xye   700.00000    14.65816     4.78215     0.00000    13.06180     0.00000   258.69081     0.00000     5.44425     0.00000   161.36705     0.00000        0.000060317        0.000000000        0.000103190        0.000000000     0.65794     0.00000     1.44505     0.00000   700.00000
xye_files\576485-mac-001_reb_0003.xye   750.00000    14.68786     4.78391     0.00000    13.06724     0.00000   258.98801     0.00000     5.44525     0.00000   161.45542     0.00000        0.000060708        0.000000000        0.000103511        0.000000000     0.70346     0.00000     1.51723     0.00000   750.00000
xye_files\576486-mac-001_reb_0003.xye   800.00000    14.62726     4.78569     0.00000    13.07256     0.00000   259.28674     0.00000     5.44628     0.00000   161.54715     0.00000        0.000060991        0.000000000        0.000103151        0.000000000     0.74804     0.00000     1.61309     0.00000   800.00000
xye_files\576487-mac-001_reb_0003.xye   850.00000    14.72331     4.78739     0.00000    13.07780     0.00000   259.57548     0.00000     5.44724     0.00000   161.63296     0.00000        0.000060276        0.000000000        0.000101975        0.000000000     0.76288     0.00000     1.68068     0.00000   850.00000
xye_files\576488-mac-001_reb_0003.xye   900.00000    15.04684     4.78910     0.00000    13.08287     0.00000   259.86147     0.00000     5.44821     0.00000   161.71941     0.00000        0.000060529        0.000000000        0.000102112        0.000000000     0.79658     0.00000     1.77268     0.00000   900.00000
xye_files\576489-mac-001_reb_0003.xye   950.00000    15.02693     4.79080     0.00000    13.08816     0.00000   260.15098     0.00000     5.44919     0.00000   161.80678     0.00000        0.000060216        0.000000000        0.000101743        0.000000000     0.82138     0.00000     1.88132     0.00000   950.00000
xye_files\576460-mac-001_reb_0003.xye    30.00000    14.69573     4.75930     0.00000    12.99236     0.00000   254.86147     0.00000     5.43102     0.00000   160.19368     0.00000        0.000060172        0.000000000        0.000102056        0.000000000     0.36362     0.00000     0.38718     0.00000    30.00000
xye_files\576461-mac-001_reb_0003.xye    50.00000    14.70441     4.75981     0.00000    12.99405     0.00000   254.94936     0.00000     5.43135     0.00000   160.22238     0.00000        0.000060427        0.000000000        0.000101223        0.000000000     0.34708     0.00000     0.40815     0.00000    50.00000
xye_files\576462-mac-001_reb_0003.xye    70.00000    14.55819     4.76033     0.00000    12.99565     0.00000   255.03651     0.00000     5.43164     0.00000   160.24829     0.00000        0.000060374        0.000000000        0.000102095        0.000000000     0.33217     0.00000     0.42111     0.00000    70.00000
xye_files\576463-mac-001_reb_0003.xye    90.00000    14.69387     4.76090     0.00000    12.99744     0.00000   255.13292     0.00000     5.43197     0.00000   160.27768     0.00000        0.000060011        0.000000000        0.000101862        0.000000000     0.35402     0.00000     0.47841     0.00000    90.00000
xye_files\576464-mac-001_reb_0003.xye   110.00000    14.49938     4.76148     0.00000    12.99914     0.00000   255.22873     0.00000     5.43232     0.00000   160.30840     0.00000        0.000061042        0.000000000        0.000102265        0.000000000     0.38093     0.00000     0.50491     0.00000   110.00000
xye_files\576465-mac-001_reb_0003.xye   130.00000    14.51336     4.76207     0.00000    13.00099     0.00000   255.32855     0.00000     5.43267     0.00000   160.33895     0.00000        0.000059894        0.000000000        0.000100898        0.000000000     0.37810     0.00000     0.51195     0.00000   130.00000
xye_files\576466-mac-001_reb_0003.xye   150.00000    14.53936     4.76268     0.00000    13.00286     0.00000   255.43017     0.00000     5.43303     0.00000   160.37154     0.00000        0.000060684        0.000000000        0.000102743        0.000000000     0.41192     0.00000     0.56453     0.00000   150.00000
xye_files\576467-mac-001_reb_0003.xye   170.00000    14.61904     4.76331     0.00000    13.00470     0.00000   255.53391     0.00000     5.43338     0.00000   160.40259     0.00000        0.000059745        0.000000000        0.000101561        0.000000000     0.41115     0.00000     0.61033     0.00000   170.00000
xye_files\576468-mac-001_reb_0003.xye   190.00000    14.57016     4.76395     0.00000    13.00666     0.00000   255.64130     0.00000     5.43377     0.00000   160.43664     0.00000        0.000059850        0.000000000        0.000101591        0.000000000     0.40990     0.00000     0.59962     0.00000   190.00000
xye_files\576469-mac-001_reb_0003.xye   210.00000    14.49862     4.76458     0.00000    13.00858     0.00000   255.74705     0.00000     5.43413     0.00000   160.46889     0.00000        0.000059237        0.000000000        0.000100640        0.000000000     0.39713     0.00000     0.64273     0.00000   210.00000
xye_files\576470-mac-001_reb_0003.xye   230.00000    14.50247     4.76521     0.00000    13.01054     0.00000   255.85213     0.00000     5.43450     0.00000   160.50148     0.00000        0.000060358        0.000000000        0.000101174        0.000000000     0.45309     0.00000     0.66095     0.00000   230.00000
xye_files\576471-mac-001_reb_0003.xye   250.00000    14.64509     4.76590     0.00000    13.01260     0.00000   255.96761     0.00000     5.43491     0.00000   160.53779     0.00000        0.000059192        0.000000000        0.000101667        0.000000000     0.43222     0.00000     0.72793     0.00000   250.00000
xye_files\576472-mac-001_reb_0003.xye   270.00000    14.41682     4.76657     0.00000    13.01451     0.00000   256.07693     0.00000     5.43527     0.00000   160.57004     0.00000        0.000059730        0.000000000        0.000101682        0.000000000     0.45464     0.00000     0.72024     0.00000   270.00000
xye_files\576473-mac-001_reb_0003.xye   290.00000    14.67482     4.76723     0.00000    13.01672     0.00000   256.19154     0.00000     5.43568     0.00000   160.60591     0.00000        0.000059528        0.000000000        0.000100167        0.000000000     0.47754     0.00000     0.74860     0.00000   290.00000
xye_files\576474-mac-001_reb_0003.xye   310.00000    14.51507     4.76795     0.00000    13.01874     0.00000   256.30795     0.00000     5.43609     0.00000   160.64268     0.00000        0.000059650        0.000000000        0.000101511        0.000000000     0.47072     0.00000     0.79474     0.00000   310.00000
xye_files\576475-mac-001_reb_0003.xye   330.00000    14.52532     4.76868     0.00000    13.02092     0.00000   256.42932     0.00000     5.43651     0.00000   160.67949     0.00000        0.000059300        0.000000000        0.000100157        0.000000000     0.49982     0.00000     0.84343     0.00000   330.00000
xye_files\576476-mac-001_reb_0003.xye   350.00000    14.63574     4.76936     0.00000    13.02314     0.00000   256.54723     0.00000     5.43692     0.00000   160.71586     0.00000        0.000059303        0.000000000        0.000100262        0.000000000     0.48930     0.00000     0.84712     0.00000   350.00000
xye_files\576477-mac-001_reb_0003.xye   370.00000    14.64791     4.77006     0.00000    13.02522     0.00000   256.66291     0.00000     5.43733     0.00000   160.75213     0.00000        0.000059462        0.000000000        0.000099440        0.000000000     0.53030     0.00000     0.87855     0.00000   370.00000
xye_files\576478-mac-001_reb_0003.xye   400.00000    14.60141     4.77119     0.00000    13.02847     0.00000   256.84870     0.00000     5.43796     0.00000   160.80854     0.00000        0.000059803        0.000000000        0.000101047        0.000000000     0.50783     0.00000     0.89920     0.00000   400.00000
xye_files\576479-mac-001_reb_0003.xye   450.00000    14.72128     4.77302     0.00000    13.03411     0.00000   257.15697     0.00000     5.43903     0.00000   160.90336     0.00000        0.000059613        0.000000000        0.000102361        0.000000000     0.53980     0.00000     1.04012     0.00000   450.00000
xye_files\576480-mac-001_reb_0003.xye   500.00000    14.67293     4.77485     0.00000    13.03960     0.00000   257.46226     0.00000     5.44009     0.00000   160.99745     0.00000        0.000059855        0.000000000        0.000102258        0.000000000     0.53551     0.00000     1.10681     0.00000   500.00000
xye_files\576481-mac-001_reb_0003.xye   550.00000    14.75784     4.77670     0.00000    13.04528     0.00000   257.77467     0.00000     5.44116     0.00000   161.09175     0.00000        0.000060254        0.000000000        0.000102771        0.000000000     0.59064     0.00000     1.20527     0.00000   550.00000
xye_files\576482-mac-001_reb_0003.xye   600.00000    14.69561     4.77853     0.00000    13.05099     0.00000   258.08548     0.00000     5.44223     0.00000   161.18694     0.00000        0.000060053        0.000000000        0.000102862        0.000000000     0.62254     0.00000     1.31642     0.00000   600.00000
xye_files\576483-mac-001_reb_0003.xye   650.00000    14.68957     4.78034     0.00000    13.05653     0.00000   258.39055     0.00000     5.44324     0.00000   161.27683     0.00000        0.000059875        0.000000000        0.000101759        0.000000000     0.64553     0.00000     1.34918     0.00000   650.00000
xye_files\576484-mac-001_reb_0003.xye   700.00000    14.65815     4.78215     0.00000    13.06180     0.00000   258.69080     0.00000     5.44425     0.00000   161.36705     0.00000        0.000060316        0.000000000        0.000103190        0.000000000     0.65791     0.00000     1.44505     0.00000   700.00000
xye_files\576485-mac-001_reb_0003.xye   750.00000    14.68778     4.78391     0.00000    13.06724     0.00000   258.98800     0.00000     5.44525     0.00000   161.45541     0.00000        0.000060707        0.000000000        0.000103511        0.000000000     0.70344     0.00000     1.51724     0.00000   750.00000
xye_files\576486-mac-001_reb_0003.xye   800.00000    14.62726     4.78569     0.00000    13.07256     0.00000   259.28674     0.00000     5.44628     0.00000   161.54715     0.00000        0.000060991        0.000000000        0.000103151        0.000000000     0.74804     0.00000     1.61309     0.00000   800.00000
xye_files\576487-mac-001_reb_0003.xye   850.00000    14.72331     4.78739     0.00000    13.07780     0.00000   259.57548     0.00000     5.44724     0.00000   161.63296     0.00000        0.000060276        0.000000000        0.000101975        0.000000000     0.76289     0.00000     1.68067     0.00000   850.00000
xye_files\576488-mac-001_reb_0003.xye   900.00000    15.04685     4.78910     0.00000    13.08287     0.00000   259.86147     0.00000     5.44821     0.00000   161.71941     0.00000        0.000060529        0.000000000        0.000102112        0.000000000     0.79658     0.00000     1.77268     0.00000   900.00000
xye_files\576489-mac-001_reb_0003.xye   950.00000    15.02694     4.79080     0.00000    13.08816     0.00000   260.15098     0.00000     5.44919     0.00000   161.80678     0.00000        0.000060216        0.000000000        0.000101743        0.000000000     0.82138     0.00000     1.88133     0.00000   950.00000
xye_files\576460-mac-001_reb_0003.xye    30.00000    14.69597     4.75930     0.00000    12.99236     0.00000   254.86150     0.00000     5.43103     0.00000   160.19371     0.00000        0.000060172        0.000000000        0.000102057        0.000000000     0.36357     0.00000     0.38724     0.00000    30.00000
xye_files\576461-mac-001_reb_0003.xye    50.00000    14.70439     4.75981     0.00000    12.99405     0.00000   254.94935     0.00000     5.43135     0.00000   160.22238     0.00000        0.000060427        0.000000000        0.000101223        0.000000000     0.34707     0.00000     0.40816     0.00000    50.00000
xye_files\576462-mac-001_reb_0003.xye    70.00000    14.55819     4.76033     0.00000    12.99565     0.00000   255.03651     0.00000     5.43164     0.00000   160.24829     0.00000        0.000060374        0.000000000        0.000102095        0.000000000     0.33217     0.00000     0.42111     0.00000    70.00000
xye_files\576463-mac-001_reb_0003.xye    90.00000    14.69387     4.76090     0.00000    12.99744     0.00000   255.13292     0.00000     5.43197     0.00000   160.27768     0.00000        0.000060011        0.000000000        0.000101862        0.000000000     0.35402     0.00000     0.47841     0.00000    90.00000
xye_files\576464-mac-001_reb_0003.xye   110.00000    14.58970     4.76148     0.00000    12.99914     0.00000   255.22857     0.00000     5.43231     0.00000   160.30773     0.00000        0.000061197        0.000000000        0.000102235        0.000000000     0.37501     0.00000     0.50081     0.00000   110.00000
xye_files\576460-mac-001_reb_0003.xye    30.00000    14.78860     4.75932     0.00000    12.99241     0.00000   254.86487     0.00000     5.43105     0.00000   160.19562     0.00000        0.000061883        0.000000000        0.000102875        0.000000000     0.41836     0.00000     0.37821     0.00000    30.00000
xye_files\576461-mac-001_reb_0003.xye    50.00000    14.69401     4.75981     0.00000    12.99406     0.00000   254.94986     0.00000     5.43135     0.00000   160.22286     0.00000        0.000060418        0.000000000        0.000101221        0.000000000     0.35004     0.00000     0.40849     0.00000    50.00000
xye_files\576462-mac-001_reb_0003.xye    70.00000    14.56341     4.76033     0.00000    12.99566     0.00000   255.03681     0.00000     5.43164     0.00000   160.24843     0.00000        0.000060388        0.000000000        0.000102094        0.000000000     0.33238     0.00000     0.42121     0.00000    70.00000
xye_files\576463-mac-001_reb_0003.xye    90.00000    14.76043     4.76090     0.00000    12.99743     0.00000   255.13280     0.00000     5.43197     0.00000   160.27701     0.00000        0.000060130        0.000000000        0.000101857        0.000000000     0.34853     0.00000     0.47700     0.00000    90.00000
xye_files\576460-mac-001_reb_0003.xye    30.00000    14.76626     4.75931     0.00000    12.99238     0.00000   254.86345     0.00000     5.43104     0.00000   160.19465     0.00000        0.000061963        0.000000000        0.000102911        0.000000000     0.41722     0.00000     0.37653     0.00000    30.00000
xye_files\576461-mac-001_reb_0003.xye    50.00000    14.69349     4.75981     0.00000    12.99406     0.00000   254.94976     0.00000     5.43135     0.00000   160.22277     0.00000        0.000060419        0.000000000        0.000101221        0.000000000     0.35013     0.00000     0.40829     0.00000    50.00000
xye_files\576462-mac-001_reb_0003.xye    70.00000    14.56336     4.76033     0.00000    12.99566     0.00000   255.03681     0.00000     5.43164     0.00000   160.24843     0.00000        0.000060389        0.000000000        0.000102094        0.000000000     0.33239     0.00000     0.42119     0.00000    70.00000
xye_files\576463-mac-001_reb_0003.xye    90.00000    14.69848     4.76090     0.00000    12.99743     0.00000   255.13269     0.00000     5.43197     0.00000   160.27745     0.00000        0.000060010        0.000000000        0.000101862        0.000000000     0.35296     0.00000     0.47825     0.00000    90.00000
xye_files\576464-mac-001_reb_0003.xye   110.00000    14.49934     4.76148     0.00000    12.99914     0.00000   255.22870     0.00000     5.43232     0.00000   160.30838     0.00000        0.000061042        0.000000000        0.000102265        0.000000000     0.38086     0.00000     0.50486     0.00000   110.00000
xye_files\576460-mac-001_reb_0003.xye    30.00000    14.78892     4.75932     0.00000    12.99241     0.00000   254.86489     0.00000     5.43105     0.00000   160.19562     0.00000        0.000061883        0.000000000        0.000102879        0.000000000     0.41836     0.00000     0.37832     0.00000    30.00000
xye_files\576461-mac-001_reb_0003.xye    50.00000    14.69402     4.75981     0.00000    12.99406     0.00000   254.94986     0.00000     5.43135     0.00000   160.22286     0.00000        0.000060418        0.000000000        0.000101221        0.000000000     0.35004     0.00000     0.40849     0.00000    50.00000
xye_files\576462-mac-001_reb_0003.xye    70.00000    14.56341     4.76033     0.00000    12.99566     0.00000   255.03681     0.00000     5.43164     0.00000   160.24843     0.00000        0.000060388        0.000000000        0.000102094        0.000000000     0.33238     0.00000     0.42121     0.00000    70.00000
xye_files\576463-mac-001_reb_0003.xye    90.00000    14.69924     4.76090     0.00000    12.99743     0.00000   255.13266     0.00000     5.43197     0.00000   160.27744     0.00000        0.000060022        0.000000000        0.000101861        0.000000000     0.35247     0.00000     0.47825     0.00000    90.00000
xye_files\576460-mac-001_reb_0003.xye    30.00000    14.77616     4.75932     0.00000    12.99240     0.00000   254.86463     0.00000     5.43105     0.00000   160.19568     0.00000        0.000061911        0.000000000        0.000102888        0.000000000     0.41951     0.00000     0.37838     0.00000    30.00000
xye_files\576461-mac-001_reb_0003.xye    50.00000    14.68989     4.75980     0.00000    12.99404     0.00000   254.94816     0.00000     5.43134     0.00000   160.22161     0.00000        0.000060419        0.000000000        0.000101250        0.000000000     0.35116     0.00000     0.40820     0.00000    50.00000
xye_files\576462-mac-001_reb_0003.xye    70.00000    14.55021     4.76031     0.00000    12.99562     0.00000   255.03413     0.00000     5.43162     0.00000   160.24665     0.00000        0.000060385        0.000000000        0.000102117        0.000000000     0.33152     0.00000     0.42025     0.00000    70.00000
xye_files\576463-mac-001_reb_0003.xye    90.00000    14.70486     4.76089     0.00000    12.99743     0.00000   255.13214     0.00000     5.43197     0.00000   160.27701     0.00000        0.000059977        0.000000000        0.000101915        0.000000000     0.35145     0.00000     0.47991     0.00000    90.00000
xye_files\576464-mac-001_reb_0003.xye   110.00000    14.51351     4.76148     0.00000    12.99913     0.00000   255.22815     0.00000     5.43232     0.00000   160.30791     0.00000        0.000061043        0.000000000        0.000102345        0.000000000     0.38159     0.00000     0.50731     0.00000   110.00000
xye_files\576460-mac-001_reb_0003.xye    30.00000    14.77619     4.75932     0.00000    12.99240     0.00000   254.86463     0.00000     5.43105     0.00000   160.19568     0.00000        0.000061911        0.000000000        0.000102888        0.000000000     0.41951     0.00000     0.37838     0.00000    30.00000
xye_files\576461-mac-001_reb_0003.xye    50.00000    14.68990     4.75980     0.00000    12.99404     0.00000   254.94817     0.00000     5.43134     0.00000   160.22161     0.00000        0.000060419        0.000000000        0.000101250        0.000000000     0.35116     0.00000     0.40820     0.00000    50.00000
xye_files\576462-mac-001_reb_0003.xye    70.00000    14.55021     4.76031     0.00000    12.99562     0.00000   255.03413     0.00000     5.43162     0.00000   160.24665     0.00000        0.000060385        0.000000000        0.000102117        0.000000000     0.33152     0.00000     0.42025     0.00000    70.00000
xye_files\576460-mac-001_reb_0003.xye    30.00000    14.70634     4.75931     0.00000    12.99240     0.00000   254.86339     0.00000     5.43104     0.00000   160.19527     0.00000        0.000061282        0.000000000        0.000102985        0.000000000     0.34807     0.00000     0.38260     0.00000    30.00000
xye_files\576461-mac-001_reb_0003.xye    50.00000    14.68947     4.75980     0.00000    12.99403     0.00000   254.94773     0.00000     5.43134     0.00000   160.22134     0.00000        0.000060391        0.000000000        0.000101256        0.000000000     0.34895     0.00000     0.40841     0.00000    50.00000
xye_files\576462-mac-001_reb_0003.xye    70.00000    14.55016     4.76031     0.00000    12.99562     0.00000   255.03409     0.00000     5.43162     0.00000   160.24663     0.00000        0.000060384        0.000000000        0.000102117        0.000000000     0.33147     0.00000     0.42023     0.00000    70.00000
xye_files\576463-mac-001_reb_0003.xye    90.00000    14.70485     4.76089     0.00000    12.99743     0.00000   255.13214     0.00000     5.43197     0.00000   160.27701     0.00000        0.000059977        0.000000000        0.000101915        0.000000000     0.35146     0.00000     0.47991     0.00000    90.00000
xye_files\576460-mac-001_reb_0003.xye    30.00000    14.76693     4.75932     0.00000    12.99240     0.00000   254.86429     0.00000     5.43104     0.00000   160.19512     0.00000        0.000061904        0.000000000        0.000102843        0.000000000     0.41803     0.00000     0.37681     0.00000    30.00000
xye_files\576461-mac-001_reb_0003.xye    50.00000    14.69385     4.75981     0.00000    12.99406     0.00000   254.94982     0.00000     5.43135     0.00000   160.22283     0.00000        0.000060418        0.000000000        0.000101221        0.000000000     0.35009     0.00000     0.40838     0.00000    50.00000
xye_files\576462-mac-001_reb_0003.xye    70.00000    14.56338     4.76033     0.00000    12.99566     0.00000   255.03681     0.00000     5.43164     0.00000   160.24843     0.00000        0.000060389        0.000000000        0.000102094        0.000000000     0.33239     0.00000     0.42119     0.00000    70.00000
xye_files\576463-mac-001_reb_0003.xye    90.00000    14.69848     4.76090     0.00000    12.99743     0.00000   255.13269     0.00000     5.43197     0.00000   160.27745     0.00000        0.000060010        0.000000000        0.000101862        0.000000000     0.35296     0.00000     0.47825     0.00000    90.00000
xye_files\576464-mac-001_reb_0003.xye   110.00000    14.50198     4.76148     0.00000    12.99914     0.00000   255.22874     0.00000     5.43232     0.00000   160.30837     0.00000        0.000061047        0.000000000        0.000102264        0.000000000     0.38068     0.00000     0.50482     0.00000   110.00000
xye_files\576460-mac-001_reb_0003.xye    30.00000    14.78893     4.75932     0.00000    12.99241     0.00000   254.86489     0.00000     5.43105     0.00000   160.19562     0.00000        0.000061883        0.000000000        0.000102879        0.000000000     0.41836     0.00000     0.37832     0.00000    30.00000
xye_files\576461-mac-001_reb_0003.xye    50.00000    14.69402     4.75981     0.00000    12.99406     0.00000   254.94986     0.00000     5.43135     0.00000   160.22286     0.00000        0.000060418        0.000000000        0.000101221        0.000000000     0.35004     0.00000     0.40849     0.00000    50.00000
xye_files\576462-mac-001_reb_0003.xye    70.00000    14.56341     4.76033     0.00000    12.99566     0.00000   255.03681     0.00000     5.43164     0.00000   160.24843     0.00000        0.000060388        0.000000000        0.000102094        0.000000000     0.33238     0.00000     0.42121     0.00000    70.00000
xye_files\576463-mac-001_reb_0003.xye    90.00000    14.70463     4.76090     0.00000    12.99743     0.00000   255.13274     0.00000     5.43197     0.00000   160.27743     0.00000        0.000060031        0.000000000        0.000101861        0.000000000     0.35219     0.00000     0.47820     0.00000    90.00000
xye_files\576460-mac-001_reb_0003.xye    30.00000    14.76573     4.75932     0.00000    12.99239     0.00000   254.86418     0.00000     5.43104     0.00000   160.19504     0.00000        0.000061905        0.000000000        0.000102841        0.000000000     0.41809     0.00000     0.37665     0.00000    30.00000
xye_files\576461-mac-001_reb_0003.xye    50.00000    14.69378     4.75981     0.00000    12.99406     0.00000   254.94982     0.00000     5.43135     0.00000   160.22282     0.00000        0.000060418        0.000000000        0.000101221        0.000000000     0.35009     0.00000     0.40836     0.00000    50.00000
xye_files\576462-mac-001_reb_0003.xye    70.00000    14.56337     4.76033     0.00000    12.99566     0.00000   255.03681     0.00000     5.43164     0.00000   160.24843     0.00000        0.000060389        0.000000000        0.000102094        0.000000000     0.33239     0.00000     0.42119     0.00000    70.00000
xye_files\576463-mac-001_reb_0003.xye    90.00000    14.69848     4.76090     0.00000    12.99743     0.00000   255.13269     0.00000     5.43197     0.00000   160.27745     0.00000        0.000060010        0.000000000        0.000101862        0.000000000     0.35296     0.00000     0.47825     0.00000    90.00000
xye_files\576464-mac-001_reb_0003.xye   110.00000    14.49934     4.76148     0.00000    12.99914     0.00000   255.22870     0.00000     5.43232     0.00000   160.30838     0.00000        0.000061042        0.000000000        0.000102265        0.000000000     0.38086     0.00000     0.50486     0.00000   110.00000
xye_files\576465-mac-001_reb_0003.xye   130.00000    14.51335     4.76207     0.00000    13.00099     0.00000   255.32855     0.00000     5.43267     0.00000   160.33895     0.00000        0.000059894        0.000000000        0.000100898        0.000000000     0.37810     0.00000     0.51195     0.00000   130.00000
xye_files\576466-mac-001_reb_0003.xye   150.00000    14.53935     4.76268     0.00000    13.00286     0.00000   255.43017     0.00000     5.43303     0.00000   160.37154     0.00000        0.000060684        0.000000000        0.000102743        0.000000000     0.41192     0.00000     0.56453     0.00000   150.00000
xye_files\576467-mac-001_reb_0003.xye   170.00000    14.61904     4.76331     0.00000    13.00470     0.00000   255.53391     0.00000     5.43338     0.00000   160.40259     0.00000        0.000059745        0.000000000        0.000101561        0.000000000     0.41115     0.00000     0.61033     0.00000   170.00000
xye_files\576468-mac-001_reb_0003.xye   190.00000    14.57016     4.76395     0.00000    13.00666     0.00000   255.64130     0.00000     5.43377     0.00000   160.43664     0.00000        0.000059850        0.000000000        0.000101591        0.000000000     0.40990     0.00000     0.59962     0.00000   190.00000
xye_files\576469-mac-001_reb_0003.xye   210.00000    14.49862     4.76458     0.00000    13.00858     0.00000   255.74705     0.00000     5.43413     0.00000   160.46889     0.00000        0.000059237        0.000000000        0.000100640        0.000000000     0.39713     0.00000     0.64273     0.00000   210.00000
xye_files\576470-mac-001_reb_0003.xye   230.00000    14.50247     4.76521     0.00000    13.01054     0.00000   255.85213     0.00000     5.43450     0.00000   160.50148     0.00000        0.000060358        0.000000000        0.000101174        0.000000000     0.45309     0.00000     0.66095     0.00000   230.00000
xye_files\576471-mac-001_reb_0003.xye   250.00000    14.64509     4.76590     0.00000    13.01260     0.00000   255.96761     0.00000     5.43491     0.00000   160.53779     0.00000        0.000059192        0.000000000        0.000101667        0.000000000     0.43222     0.00000     0.72793     0.00000   250.00000
xye_files\576472-mac-001_reb_0003.xye   270.00000    14.41682     4.76657     0.00000    13.01451     0.00000   256.07693     0.00000     5.43527     0.00000   160.57004     0.00000        0.000059730        0.000000000        0.000101682        0.000000000     0.45464     0.00000     0.72024     0.00000   270.00000
xye_files\576473-mac-001_reb_0003.xye   290.00000    14.67482     4.76723     0.00000    13.01672     0.00000   256.19154     0.00000     5.43568     0.00000   160.60591     0.00000        0.000059528        0.000000000        0.000100167        0.000000000     0.47754     0.00000     0.74860     0.00000   290.00000
xye_files\576474-mac-001_reb_0003.xye   310.00000    14.51507     4.76795     0.00000    13.01874     0.00000   256.30795     0.00000     5.43609     0.00000   160.64268     0.00000        0.000059650        0.000000000        0.000101511        0.000000000     0.47072     0.00000     0.79474     0.00000   310.00000
xye_files\576475-mac-001_reb_0003.xye   330.00000    14.52532     4.76868     0.00000    13.02092     0.00000   256.42932     0.00000     5.43651     0.00000   160.67949     0.00000        0.000059300        0.000000000        0.000100157        0.000000000     0.49982     0.00000     0.84343     0.00000   330.00000
xye_files\576476-mac-001_reb_0003.xye   350.00000    14.63574     4.76936     0.00000    13.02314     0.00000   256.54723     0.00000     5.43692     0.00000   160.71586     0.00000        0.000059303        0.000000000        0.000100262        0.000000000     0.48930     0.00000     0.84712     0.00000   350.00000
xye_files\576477-mac-001_reb_0003.xye   370.00000    14.64791     4.77006     0.00000    13.02522     0.00000   256.66291     0.00000     5.43733     0.00000   160.75213     0.00000        0.000059462        0.000000000        0.000099440        0.000000000     0.53030     0.00000     0.87855     0.00000   370.00000
xye_files\576478-mac-001_reb_0003.xye   400.00000    14.60141     4.77119     0.00000    13.02847     0.00000   256.84870     0.00000     5.43796     0.00000   160.80854     0.00000        0.000059803        0.000000000        0.000101047        0.000000000     0.50783     0.00000     0.89920     0.00000   400.00000
xye_files\576479-mac-001_reb_0003.xye   450.00000    14.72128     4.77302     0.00000    13.03411     0.00000   257.15697     0.00000     5.43903     0.00000   160.90336     0.00000        0.000059613        0.000000000        0.000102361        0.000000000     0.53980     0.00000     1.04012     0.00000   450.00000
xye_files\576480-mac-001_reb_0003.xye   500.00000    14.67293     4.77485     0.00000    13.03960     0.00000   257.46225     0.00000     5.44009     0.00000   160.99745     0.00000        0.000059855        0.000000000        0.000102258        0.000000000     0.53551     0.00000     1.10681     0.00000   500.00000
xye_files\576481-mac-001_reb_0003.xye   550.00000    14.75784     4.77670     0.00000    13.04528     0.00000   257.77467     0.00000     5.44116     0.00000   161.09175     0.00000        0.000060254        0.000000000        0.000102771        0.000000000     0.59064     0.00000     1.20527     0.00000   550.00000
xye_files\576482-mac-001_reb_0003.xye   600.00000    14.69561     4.77853     0.00000    13.05099     0.00000   258.08548     0.00000     5.44223     0.00000   161.18694     0.00000        0.000060053        0.000000000        0.000102862        0.000000000     0.62254     0.00000     1.31642     0.00000   600.00000
xye_files\576483-mac-001_reb_0003.xye   650.00000    14.69054     4.78034     0.00000    13.05653     0.00000   258.39063     0.00000     5.44324     0.00000   161.27683     0.00000        0.000059885        0.000000000        0.000101764        0.000000000     0.64581     0.00000     1.34893     0.00000   650.00000
xye_files\576484-mac-001_reb_0003.xye   700.00000    14.64892     4.78215     0.00000    13.06179     0.00000   258.69012     0.00000     5.44425     0.00000   161.36650     0.00000        0.000060387        0.000000000        0.000103112        0.000000000     0.66552     0.00000     1.43919     0.00000   700.00000
xye_files\576485-mac-001_reb_0003.xye   750.00000    14.69041     4.78391     0.00000    13.06724     0.00000   258.98806     0.00000     5.44525     0.00000   161.45554     0.00000        0.000060691        0.000000000        0.000103540        0.000000000     0.69968     0.00000     1.51758     0.00000   750.00000
xye_files\576486-mac-001_reb_0003.xye   800.00000    14.62877     4.78569     0.00000    13.07257     0.00000   259.28721     0.00000     5.44628     0.00000   161.54730     0.00000        0.000061011        0.000000000        0.000103132        0.000000000     0.75234     0.00000     1.61193     0.00000   800.00000
xye_files\576487-mac-001_reb_0003.xye   850.00000    14.72337     4.78740     0.00000    13.07781     0.00000   259.57610     0.00000     5.44724     0.00000   161.63309     0.00000        0.000060248        0.000000000        0.000101988        0.000000000     0.76344     0.00000     1.68310     0.00000   850.00000
xye_files\576488-mac-001_reb_0003.xye   900.00000    15.04649     4.78910     0.00000    13.08287     0.00000   259.86156     0.00000     5.44821     0.00000   161.71944     0.00000        0.000060519        0.000000000        0.000102118        0.000000000     0.79661     0.00000     1.77370     0.00000   900.00000
xye_files\576489-mac-001_reb_0003.xye   950.00000    15.02660     4.79080     0.00000    13.08816     0.00000   260.15116     0.00000     5.44919     0.00000   161.80685     0.00000        0.000060205        0.000000000        0.000101751        0.000000000     0.82169     0.00000     1.88268     0.00000   950.00000
xye_files\576460-mac-001_reb_0003.xye    30.00000    14.69598     4.75930     0.00000    12.99236     0.00000   254.86150     0.00000     5.43103     0.00000   160.19371     0.00000        0.000060172        0.000000000        0.000102057        0.000000000     0.36357     0.00000     0.38724     0.00000    30.00000
xye_files\576461-mac-001_reb_0003.xye    50.00000    14.70439     4.75981     0.00000    12.99405     0.00000   254.94935     0.00000     5.43135     0.00000   160.22238     0.00000        0.000060427        0.000000000        0.000101223        0.000000000     0.34707     0.00000     0.40816     0.00000    50.00000
xye_files\576462-mac-001_reb_0003.xye    70.00000    14.55819     4.76033     0.00000    12.99565     0.00000   255.03651     0.00000     5.43164     0.00000   160.24829     0.00000        0.000060374        0.000000000        0.000102095        0.000000000     0.33217     0.00000     0.42111     0.00000    70.00000
xye_files\576463-mac-001_reb_0003.xye    90.00000    14.69387     4.76090     0.00000    12.99744     0.00000   255.13292     0.00000     5.43197     0.00000   160.27768     0.00000        0.000060011        0.000000000        0.000101862        0.000000000     0.35402     0.00000     0.47841     0.00000    90.00000
xye_files\576464-mac-001_reb_0003.xye   110.00000    14.49938     4.76148     0.00000    12.99914     0.00000   255.22873     0.00000     5.43232     0.00000   160.30840     0.00000        0.000061042        0.000000000        0.000102265        0.000000000     0.38093     0.00000     0.50491     0.00000   110.00000
xye_files\576465-mac-001_reb_0003.xye   130.00000    14.51336     4.76207     0.00000    13.00099     0.00000   255.32855     0.00000     5.43267     0.00000   160.33895     0.00000        0.000059894        0.000000000        0.000100898        0.000000000     0.37810     0.00000     0.51195     0.00000   130.00000
xye_files\576466-mac-001_reb_0003.xye   150.00000    14.53936     4.76268     0.00000    13.00286     0.00000   255.43017     0.00000     5.43303     0.00000   160.37154     0.00000        0.000060684        0.000000000        0.000102743        0.000000000     0.41192     0.00000     0.56453     0.00000   150.00000
xye_files\576467-mac-001_reb_0003.xye   170.00000    14.61904     4.76331     0.00000    13.00470     0.00000   255.53391     0.00000     5.43338     0.00000   160.40259     0.00000        0.000059745        0.000000000        0.000101561        0.000000000     0.41115     0.00000     0.61033     0.00000   170.00000
xye_files\576468-mac-001_reb_0003.xye   190.00000    14.57016     4.76395     0.00000    13.00666     0.00000   255.64130     0.00000     5.43377     0.00000   160.43664     0.00000        0.000059850        0.000000000        0.000101591        0.000000000     0.40990     0.00000     0.59962     0.00000   190.00000
xye_files\576469-mac-001_reb_0003.xye   210.00000    14.49862     4.76458     0.00000    13.00858     0.00000   255.74705     0.00000     5.43413     0.00000   160.46889     0.00000        0.000059237        0.000000000        0.000100640        0.000000000     0.39713     0.00000     0.64273     0.00000   210.00000
xye_files\576470-mac-001_reb_0003.xye   230.00000    14.50247     4.76521     0.00000    13.01054     0.00000   255.85213     0.00000     5.43450     0.00000   160.50148     0.00000        0.000060358        0.000000000        0.000101174        0.000000000     0.45309     0.00000     0.66095     0.00000   230.00000
xye_files\576471-mac-001_reb_0003.xye   250.00000    14.64509     4.76590     0.00000    13.01260     0.00000   255.96761     0.00000     5.43491     0.00000   160.53779     0.00000        0.000059192        0.000000000        0.000101667        0.000000000     0.43222     0.00000     0.72793     0.00000   250.00000
xye_files\576472-mac-001_reb_0003.xye   270.00000    14.41682     4.76657     0.00000    13.01451     0.00000   256.07693     0.00000     5.43527     0.00000   160.57004     0.00000        0.000059730        0.000000000        0.000101682        0.000000000     0.45464     0.00000     0.72024     0.00000   270.00000
xye_files\576473-mac-001_reb_0003.xye   290.00000    14.67482     4.76723     0.00000    13.01672     0.00000   256.19154     0.00000     5.43568     0.00000   160.60591     0.00000        0.000059528        0.000000000        0.000100167        0.000000000     0.47754     0.00000     0.74860     0.00000   290.00000
xye_files\576474-mac-001_reb_0003.xye   310.00000    14.51507     4.76795     0.00000    13.01874     0.00000   256.30795     0.00000     5.43609     0.00000   160.64268     0.00000        0.000059650        0.000000000        0.000101511        0.000000000     0.47072     0.00000     0.79474     0.00000   310.00000
xye_files\576475-mac-001_reb_0003.xye   330.00000    14.52532     4.76868     0.00000    13.02092     0.00000   256.42932     0.00000     5.43651     0.00000   160.67949     0.00000        0.000059300        0.000000000        0.000100157        0.000000000     0.49982     0.00000     0.84343     0.00000   330.00000
xye_files\576476-mac-001_reb_0003.xye   350.00000    14.63574     4.76936     0.00000    13.02314     0.00000   256.54723     0.00000     5.43692     0.00000   160.71586     0.00000        0.000059303        0.000000000        0.000100262        0.000000000     0.48930     0.00000     0.84712     0.00000   350.00000
xye_files\576477-mac-001_reb_0003.xye   370.00000    14.64791     4.77006     0.00000    13.02522     0.00000   256.66291     0.00000     5.43733     0.00000   160.75213     0.00000        0.000059462        0.000000000        0.000099440        0.000000000     0.53030     0.00000     0.87855     0.00000   370.00000
xye_files\576478-mac-001_reb_0003.xye   400.00000    14.60141     4.77119     0.00000    13.02847     0.00000   256.84870     0.00000     5.43796     0.00000   160.80854     0.00000        0.000059803        0.000000000        0.000101047        0.000000000     0.50783     0.00000     0.89920     0.00000   400.00000
xye_files\576479-mac-001_reb_0003.xye   450.00000    14.72128     4.77302     0.00000    13.03411     0.00000   257.15697     0.00000     5.43903     0.00000   160.90336     0.00000        0.000059613        0.000000000        0.000102361        0.000000000     0.53980     0.00000     1.04012     0.00000   450.00000
xye_files\576480-mac-001_reb_0003.xye   500.00000    14.67293     4.77485     0.00000    13.03960     0.00000   257.46225     0.00000     5.44009     0.00000   160.99745     0.00000        0.000059855        0.000000000        0.000102258        0.000000000     0.53551     0.00000     1.10681     0.00000   500.00000
xye_files\576481-mac-001_reb_0003.xye   550.00000    14.75784     4.77670     0.00000    13.04528     0.00000   257.77467     0.00000     5.44116     0.00000   161.09175     0.00000        0.000060254        0.000000000        0.000102771        0.000000000     0.59064     0.00000     1.20526     0.00000   550.00000
xye_files\576482-mac-001_reb_0003.xye   600.00000    14.69582     4.77853     0.00000    13.05099     0.00000   258.08546     0.00000     5.44223     0.00000   161.18693     0.00000        0.000060065        0.000000000        0.000102861        0.000000000     0.62362     0.00000     1.31630     0.00000   600.00000
xye_files\576483-mac-001_reb_0003.xye   650.00000    14.71430     4.78036     0.00000    13.05657     0.00000   258.39269     0.00000     5.44325     0.00000   161.27809     0.00000        0.000060200        0.000000000        0.000101800        0.000000000     0.67376     0.00000     1.35437     0.00000   650.00000
xye_files\576484-mac-001_reb_0003.xye   700.00000    14.65267     4.78215     0.00000    13.06180     0.00000   258.69071     0.00000     5.44425     0.00000   161.36687     0.00000        0.000060382        0.000000000        0.000103175        0.000000000     0.66603     0.00000     1.44250     0.00000   700.00000
xye_files\576485-mac-001_reb_0003.xye   750.00000    14.69045     4.78391     0.00000    13.06724     0.00000   258.98806     0.00000     5.44525     0.00000   161.45555     0.00000        0.000060696        0.000000000        0.000103540        0.000000000     0.70015     0.00000     1.51750     0.00000   750.00000
xye_files\576486-mac-001_reb_0003.xye   800.00000    14.62877     4.78569     0.00000    13.07256     0.00000   259.28717     0.00000     5.44628     0.00000   161.54730     0.00000        0.000061007        0.000000000        0.000103130        0.000000000     0.75175     0.00000     1.61198     0.00000   800.00000
xye_files\576487-mac-001_reb_0003.xye   850.00000    14.72348     4.78740     0.00000    13.07781     0.00000   259.57612     0.00000     5.44724     0.00000   161.63309     0.00000        0.000060247        0.000000000        0.000101988        0.000000000     0.76340     0.00000     1.68312     0.00000   850.00000
xye_files\576488-mac-001_reb_0003.xye   900.00000    15.04648     4.78910     0.00000    13.08287     0.00000   259.86156     0.00000     5.44821     0.00000   161.71944     0.00000        0.000060519        0.000000000        0.000102118        0.000000000     0.79661     0.00000     1.77370     0.00000   900.00000
xye_files\576489-mac-001_reb_0003.xye   950.00000    15.02660     4.79080     0.00000    13.08816     0.00000   260.15116     0.00000     5.44919     0.00000   161.80685     0.00000        0.000060205        0.000000000        0.000101751        0.000000000     0.82170     0.00000     1.88268     0.00000   950.00000
xye_files\576460-mac-001_reb_0003.xye    30.00000    14.69596     4.75930     0.00000    12.99236     0.00000   254.86150     0.00000     5.43103     0.00000   160.19371     0.00000        0.000060172        0.000000000        0.000102057        0.000000000     0.36358     0.00000     0.38723     0.00000    30.00000
xye_files\576460-mac-001_reb_0003.xye    30.00000    14.61028     4.75929     0.00000    12.99234     0.00000   254.86036     0.00000     5.43102     0.00000   160.19351     0.00000        0.000061136        0.000000000        0.000102969        0.000000000     0.34992     0.00000     0.38030     0.00000    30.00000
xye_files\576461-mac-001_reb_0003.xye    50.00000    14.68825     4.75980     0.00000    12.99404     0.00000   254.94883     0.00000     5.43135     0.00000   160.22218     0.00000        0.000060396        0.000000000        0.000101222        0.000000000     0.34929     0.00000     0.40801     0.00000    50.00000
xye_files\576462-mac-001_reb_0003.xye    70.00000    14.56307     4.76033     0.00000    12.99566     0.00000   255.03676     0.00000     5.43164     0.00000   160.24840     0.00000        0.000060389        0.000000000        0.000102094        0.000000000     0.33243     0.00000     0.42106     0.00000    70.00000
xye_files\576463-mac-001_reb_0003.xye    90.00000    14.69849     4.76090     0.00000    12.99743     0.00000   255.13267     0.00000     5.43197     0.00000   160.27744     0.00000        0.000060010        0.000000000        0.000101862        0.000000000     0.35295     0.00000     0.47824     0.00000    90.00000
xye_files\576464-mac-001_reb_0003.xye   110.00000    14.49934     4.76148     0.00000    12.99914     0.00000   255.22870     0.00000     5.43232     0.00000   160.30838     0.00000        0.000061042        0.000000000        0.000102265        0.000000000     0.38086     0.00000     0.50486     0.00000   110.00000
xye_files\576460-mac-001_reb_0003.xye    30.00000    14.78892     4.75932     0.00000    12.99241     0.00000   254.86490     0.00000     5.43105     0.00000   160.19562     0.00000        0.000061883        0.000000000        0.000102879        0.000000000     0.41836     0.00000     0.37832     0.00000    30.00000
xye_files\576461-mac-001_reb_0003.xye    50.00000    14.69402     4.75981     0.00000    12.99406     0.00000   254.94986     0.00000     5.43135     0.00000   160.22286     0.00000        0.000060418        0.000000000        0.000101221        0.000000000     0.35004     0.00000     0.40849     0.00000    50.00000
xye_files\576462-mac-001_reb_0003.xye    70.00000    14.56341     4.76033     0.00000    12.99566     0.00000   255.03681     0.00000     5.43164     0.00000   160.24843     0.00000        0.000060388        0.000000000        0.000102094        0.000000000     0.33238     0.00000     0.42121     0.00000    70.00000
xye_files\576463-mac-001_reb_0003.xye    90.00000    14.69849     4.76090     0.00000    12.99743     0.00000   255.13269     0.00000     5.43197     0.00000   160.27745     0.00000        0.000060010        0.000000000        0.000101862        0.000000000     0.35296     0.00000     0.47825     0.00000    90.00000
xye_files\576464-mac-001_reb_0003.xye   110.00000    14.50030     4.76148     0.00000    12.99914     0.00000   255.22872     0.00000     5.43232     0.00000   160.30838     0.00000        0.000061044        0.000000000        0.000102265        0.000000000     0.38080     0.00000     0.50485     0.00000   110.00000
xye_files\576460-mac-001_reb_0003.xye    30.00000    14.78893     4.75932     0.00000    12.99241     0.00000   254.86490     0.00000     5.43105     0.00000   160.19562     0.00000        0.000061883        0.000000000        0.000102879        0.000000000     0.41836     0.00000     0.37832     0.00000    30.00000
xye_files\576461-mac-001_reb_0003.xye    50.00000    14.69402     4.75981     0.00000    12.99406     0.00000   254.94986     0.00000     5.43135     0.00000   160.22286     0.00000        0.000060418        0.000000000        0.000101221        0.000000000     0.35004     0.00000     0.40849     0.00000    50.00000
